       20211213              459032         5     15.00         1
       20211128              126218         6      3.00         1
       20211020              872819         1      2.00         1
       20211020              675770         5     25.00         1
       20211019              406688         9      4.50         1
       20211004              961802        12     12.00         1
       20210929              317404         5     10.00         1
       20210923              422763         2      1.00         1
       20210911              675770         2     10.00         1
       20210907              793026         7     35.00         1
       20210813              415932         1      3.00         1
       20210803              406688         9      4.50         1
       20210802              422763         4      2.00         1
       20210717              126218         3      1.50         1
       20210713              793026         7     35.00         1
       20210710              662083         2     10.00         1
       20210706              170844         9     27.00         1
       20210704              415932         1      3.00         1
       20210701              793026        10     50.00         1
       20210626              961802         1      1.00         1
       20210606              317404        11     22.00         1
       20210605              415932         7     21.00         1
       20210531              511824         4     12.00         1
       20210529              826317         4      4.00         1
       20210529              459032         8     24.00         1
       20210529              459032        10     30.00         1
       20210520              317404         3      6.00         1
       20210514              390920         4      8.00         1
       20210506              415932        11     33.00         1
       20210428              422763         4      2.00         1
       20210422              390920         8     16.00         1
       20210419              872819         6     12.00         1
       20210419              406688         1      0.50         1
       20210322              317404         2      4.00         1
       20210319              511824         7     21.00         1
       20210312              390920         5     10.00         1
       20210205              422763         3      1.50         1
       20210126              126218        11      5.50         1
       20210101              285807         4     20.00         0
       20210101              580927         4     20.00         0
       20210101              882099         1      5.00         0
       20210104              485302         5     25.00         0
       20210105              374253         5      5.00         0
       20210105              690039         8      8.00         0
       20210115              179485        11     55.00         0
       20210117              485302         8     40.00         0
       20210124              748899         9      9.00         0
       20210201              947176         6     18.00         0
       20210203              947176         6     18.00         0
       20210210              151641         4      8.00         0
       20210227              882099         2     10.00         0
       20210304              308982        11     22.00         0
       20210305              283781         7     35.00         0
       20210309              118050        11     11.00         0
       20210309              947176         2      6.00         0
       20210313              204890         6     12.00         0
       20210316              178943         2      6.00         0
       20210319              923804         7      7.00         0
       20210324              374253         4      4.00         0
       20210415              308982        10     20.00         0
       20210417              856894        12    120.00         0
       20210418              748008         3     15.00         0
       20210421              935218         2      6.00         0
       20210423              620036         8     40.00         0
       20210424              308982         3      6.00         0
       20210430              118050         5      5.00         0
       20210509              997564        12     12.00         0
       20210518              430669        10     30.00         0
       20210519              620036         4     20.00         0
       20210519              900698         5     25.00         0
       20210527              178943         1      3.00         0
       20210528              455703         2     10.00         0
       20210602              856894         5     50.00         0
       20210605              565169         5     10.00         0
       20210628              412041         9     45.00         0
       20210701              412041         3     15.00         0
       20210705              485302         9     45.00         0
       20210713              365379         4     16.00         0
       20210714              434681         4      4.00         0
       20210718              565169         5     10.00         0
       20210720              151641         6     12.00         0
       20210725              485302         1      5.00         0
       20210726              748899        11     11.00         0
       20210727              941699         9     27.00         0
       20210729              941699         3      9.00         0
       20210730              311343        11     55.00         0
       20210805              785062         4      8.00         0
       20210806              311343         4     20.00         0
       20210807              874503         1      1.00         0
       20210815              923804        11     11.00         0
       20210816              582920        10     40.00         0
       20210817              365906        11     11.00         0
       20210823              308982         6     12.00         0
       20210902              901816         5     15.00         0
       20210921              308982         7     14.00         0
       20210925              856894         1     10.00         0
       20210927              979865        10      5.00         0
       20211002              696000         8     40.00         0
       20211003              330512         1      3.00         0
       20211006              182942         3      3.00         0
       20211006              997564         1      1.00         0
       20211007              374253         9      9.00         0
       20211009              900698         5     25.00         0
       20211010              565169        11     22.00         0
       20211010              992564         2      1.00         0
       20211012              182942         2      2.00         0
       20211015              856894         7     70.00         0
       20211018              397718         0      0.00         0
       20211026              412041         2     10.00         0
       20211102              979865         9      4.50         0
       20211105              992564         3      1.50         0
       20211109              423073        12     12.00         0
       20211111              651034         3     15.00         0
       20211122              778066         9      9.00         0
       20211123              714788         7     21.00         0
       20211126              330512         6     18.00         0
       20211129              434681         9      9.00         0
       20211129              536472         3     15.00         0
       20211129              582920         6     24.00         0
       20211202              696000         8     40.00         0
       20211203              536472         6     30.00         0
       20211216              118050         8      8.00         0
       20211217              365906         9      9.00         0
       20211219              330512         1      3.00         0
       20211226              178943         9     27.00         0
       20211227              901816         2      6.00         0
       20211228              696000         1      5.00         0
       20211230              935218         1      3.00         0
       20211231              536472        12     60.00         0
