71984468  IPARRAGUIRRE VILLEGAS NICOLAS EDILBERTO      B       16.80   935441620
308982    1.12      20191006  4.93
696000    0.85      20190807  28.46
485302    5.99      20211128  30.75
511824    8.13      20220211  39.77
244316    6.67      20210305  104.52
620036    6.41      20201123  337.59
29847168  ALDAVE ZEVALLOS ROSARIO                      A       23.50     6261108
582920    1.16      20191020  3.63
415932    1.17      20200626  6.15
927404    3.79      20210101  21.70
412041    11.35     20200304  119.38
204890    9.45      20211102  139.60
731238    7.50      20210322  382.69
178097    4.49      20210802  810.96
79475585  RETTO ARCA ANNIE MAGDA                       A       23.50   941241092
462755    5.07      20200309  15.62
826317    3.80      20200514  22.04
411461    6.89      20200907  24.51
925916    8.54      20210101  30.77
455703    7.81      20191020  41.11
696000    5.32      20200626  163.81
91897732  GAMARRA ALCOCER VIRGINIA                     A       23.50   954025615
582920    1.66      20210309  5.20
422763    6.44      20200626  68.23
714788    11.52     20211109  83.99
311343    6.30      20190105  97.87
620036    9.02      20211217  436.79
731238    9.37      20210705  478.11
387889    11.71     20211003  648.59
33397650  RONDON EGUSQUIZA CARMELA VALENTINA           A       23.50     3911397
172692    5.60      20190105  20.00
630286    5.06      20201123  31.29
455703    6.90      20190527  36.32
874884    11.30     20190807  50.20
793026    2.84      20211111  53.54
927404    10.71     20210101  61.33
714788    8.60      20211219  62.70
248223    3.48      20190729  103.85
118050    8.64      20201007  138.74
520755    4.34      20210322  203.31
423073    4.04      20190101  1021.02
178097    9.01      20190527  1627.35
83236386  RIVERO CORRALES JUAN FERNANDO                A       23.50   946513105
308982    2.18      20200907  8.82
882099    1.08      20211003  11.16
434681    3.91      20190713  17.71
244316    3.78      20200806  54.46
455703    10.54     20190807  55.47
992564    9.37      20190803  149.02
32821689  ZAVALETA EPIQUEN CARMEN ZKENIA               C        8.30   955248211
126218    1.81      20201010  9.26
162581    4.20      20200210  14.13
390920    3.60      20200309  18.44
753496    1.24      20210101  29.51
942003    8.61      20211003  68.77
793026    5.54      20200309  125.20
631403    10.32     20210701  234.23
45783712  POZO CHUNG RAFAEL DEL                        B       16.80     8252118
162581    3.41      20190527  10.41
748899    9.70      20190927  82.64
283781    7.90      20200907  85.61
374588    8.43      20190105  116.13
825712    9.22      20200626  133.78
48184351  LOPEZ JAUREGUI ROLANDO                       C        8.30   884716679
582920    1.48      20190725  5.55
511824    1.21      20211219  6.52
565169    11.59     20201123  32.67
714788    4.36      20200531  38.10
311343    2.62      20190418  48.79
613623    5.16      20210823  75.63
132999    6.45      20220329  148.75
691890    5.46      20190527  197.17
179485    11.68     20200309  268.94
33713901  VILLEGAS CASTRO SOFIA VIRGINIA               A       23.50     2339560
317404    0.52      20200309  4.11
748899    3.95      20200805  30.94
200984    5.11      20210823  38.69
690039    8.38      20191020  59.27
170844    7.20      20190319  90.88
168505    5.50      20191020  103.60
412041    11.12     20200126  116.96
744237    11.26     20190506  141.17
76388967  GONZALES QUIO ISABEL                         B       16.80     8094909
317404    3.19      20201123  27.42
151641    11.50     20200509  94.44
632129    5.29      20190105  106.91
387889    2.24      20190421  134.93
731238    6.39      20190105  354.61
81114108  ZAMBRANO SHIRAKAWA WILMER                    B       16.80     5853087
582920    1.56      20190527  5.31
459032    3.30      20201105  14.77
162581    6.14      20220205  18.74
923804    6.74      20210713  27.99
565169    11.43     20200309  29.23
631403    2.81      20201006  57.87
311343    4.92      20190519  83.13
151641    11.60     20211219  95.26
182942    6.93      20200907  157.62
444809    4.90      20200605  177.83
57263719  PRADO TORREALBA CARMEN JANET                 C        8.30   988736554
126218    1.47      20200907  7.52
462755    3.76      20200519  13.89
455703    5.18      20211219  32.68
434681    9.36      20200727  50.81
219619    4.92      20211219  65.01
948168    9.04      20211122  128.90
734432    11.03     20211003  511.29
79140840  TORREALBA ARCA VICTORIA GLENDA               C        8.30   876488179
900698    2.77      20210322  42.36
880988    7.68      20220221  79.86
428331    10.01     20210322  99.59
734432    2.60      20210717  120.52
620036    2.38      20210528  138.15
311343    7.56      20190527  140.78
311343    9.82      20190518  182.87
71378466  MIYAKE CARO HENRRY EDGAR                     C        8.30   921051207
317404    0.56      20211219  5.31
406688    3.36      20190424  17.11
397718    1.78      20201026  27.72
874503    8.02      20210101  64.06
501182    4.83      20210101  93.59
469016    9.89      20200529  128.09
793026    7.38      20200309  166.78
17913944  PALOMARES SANTISTEBAN HENRRY                 B       16.80   967944433
397718    0.31      20210704  4.38
588754    0.69      20200813  4.69
459032    1.96      20190807  8.77
748008    4.93      20191020  32.68
691890    1.35      20191020  44.23
499460    2.12      20210322  49.54
882099    5.75      20211129  64.63
336973    9.02      20201123  130.89
734979    7.45      20201015  150.60
620036    3.45      20210205  181.70
891590    7.62      20210322  195.62
62566305  ROMERO ALFARO MONICA JOHANA                  C        8.30     8206363
690039    1.66      20210227  14.07
613623    6.90      20201123  101.13
725312    10.94     20200730  128.45
168505    11.87     20211219  268.00
46462527  LOYOLA MORI NICOLAS FERNANDO                 B       16.80     5865695
744237    0.00      20200816  0.00
374253    0.17      20191018  1.95
126218    1.95      20191012  9.05
690039    1.88      20210316  14.46
778066    1.01      20211003  15.57
788630    1.06      20190527  24.91
170844    4.59      20200309  63.01
415932    11.11     20210606  63.51
997564    5.47      20191009  66.21
961627    6.35      20210823  78.84
132999    3.93      20200626  82.23
961802    2.43      20211219  85.84
342342    11.45     20190726  143.56
994185    4.47      20210529  356.84
