1993,Buenos Aires,0,0,0,0,0
1993,Catamarca,0,0,0,0,0
1993,Chaco,0,0,0,0,0
1993,Chubut,10,6,0,133,0
1993,Córdoba,59995,250,0,172696,0
1993,Corrientes,0,918,0,809,0
1993,Entre Ríos,75,0,0,0,0
1993,Formosa,0,26,0,5,0
1993,Jujuy,0,0,0,0,0
1993,La Pampa,1207510,0,0,0,0
1993,La Rioja,0,0,0,0,0
1993,Mendoza,0,0,0,0,0
1993,Misiones,0,0,0,0,0
1993,Neuquén,282,6,0,53,0
1993,Río Negro,108,0,0,3,0
1993,Salta,0,0,0,0,0
1993,San Juan,0,0,0,0,0
1993,San Luis,0,0,0,330147,0
1993,Santa Cruz,727,0,0,5624,0
1993,Santa Fe,0,0,0,0,0
1993,Santiago del Estero,9100,0,0,3900,0
1993,Tierra del Fuego,28,0,0,0,0
1993,Tucumán,3703,4,0,705,0
1994,Buenos Aires,0,0,0,0,0
1994,Catamarca,0,0,0,0,0
1994,Chaco,0,0,0,0,0
1994,Chubut,2158,39,0,1100,0
1994,Córdoba,187812,100,0,52284,0
1994,Corrientes,0,72,0,68,0
1994,Entre Ríos,91,0,0,0,0
1994,Formosa,0,0,0,9,0
1994,Jujuy,0,0,0,0,0
1994,La Pampa,167890,0,0,0,453950
1994,La Rioja,10600,0,0,36550,0
1994,Mendoza,0,0,0,0,0
1994,Misiones,0,0,0,0,0
1994,Neuquén,0,150,0,17900,0
1994,Río Negro,3063,146,0,62,0
1994,Salta,0,0,0,0,0
1994,San Juan,0,0,0,0,0
1994,San Luis,0,0,0,0,25513
1994,Santa Cruz,43,0,0,1641,0
1994,Santa Fe,0,0,0,0,0
1994,Santiago del Estero,35000,0,0,15000,0
1994,Tierra del Fuego,68,0,0,252,0
1994,Tucumán,0,0,0,65,0
1995,Buenos Aires,0,0,0,3000,0
1995,Catamarca,0,0,0,0,0
1995,Chaco,0,0,0,0,0
1995,Chubut,983,49,0,2041,0
1995,Córdoba,122260,1530,0,176849,0
1995,Corrientes,0,3562,0,4337,0
1995,Entre Ríos,0,2269,0,0,0
1995,Formosa,500,0,0,0,0
1995,Jujuy,0,0,0,0,0
1995,La Pampa,148720,0,0,0,0
1995,La Rioja,2,0,0,4512,0
1995,Mendoza,0,0,0,0,0
1995,Misiones,0,0,0,0,0
1995,Neuquén,1125,1,0,19228,0
1995,Río Negro,123,42,0,9567,0
1995,Salta,255,240,0,165,0
1995,San Juan,0,0,0,0,0
1995,San Luis,75311,0,0,121001,0
1995,Santa Cruz,0,0,0,5695,0
1995,Santa Fe,0,0,0,0,0
1995,Santiago del Estero,13919,0,0,13375,0
1995,Tierra del Fuego,3,0,0,213,0
1995,Tucumán,23,0,0,46,0
1996,Buenos Aires,0,100,0,850,0
1996,Catamarca,68728,0,0,79981,0
1996,Chaco,2540,0,0,3644,0
1996,Chubut,9640,76,0,1741,0
1996,Córdoba,43325,0,0,6487,0
1996,Corrientes,0,1232,0,5749,0
1996,Entre Ríos,449,1107,0,0,0
1996,Formosa,0,0,0,4530,0
1996,Jujuy,1800,0,0,180,0
1996,La Pampa,20600,0,0,0,0
1996,La Rioja,770,50,0,155,0
1996,Mendoza,2500,0,0,4115,0
1996,Misiones,2430,2235,0,640,0
1996,Neuquén,10,11,0,70237,0
1996,Río Negro,3337,3996,0,26411,0
1996,Salta,815,861,0,715,0
1996,San Luis,15370,0,0,0,0
1996,Santa Cruz,39,0,0,2817,0
1996,Santa Fe,465,0,0,48573,0
1996,Santiago del Estero,1500,0,0,250,0
1996,Tierra del Fuego,93,0,0,12,0
1996,Tucumán,0,0,0,32,0
1997,Buenos Aires,489,334,355,2724,0
1997,Catamarca,0,0,3900,42000,0
1997,Chaco,2711,909,0,4040,0
1997,Chubut,151,40,46,3385,0
1997,Córdoba,22213,169,3773,13362,0
1997,Corrientes,58,50,113,203,0
1997,Entre Ríos,163,353,63,278,0
1997,Formosa,0,4,300,2382,0
1997,Jujuy,0,228,0,46,0
1997,La Pampa,31770,0,10,0,0
1997,La Rioja,0,0,0,25003,0
1997,Mendoza,2450,0,1100,550,0
1997,Misiones,54,1218,259,629,0
1997,Neuquén,40,2,391,16847,0
1997,Río Negro,5154,418,262,4648,0
1997,Salta,23694,1253,7377,7861,0
1997,San Juan,0,13,32,395,0
1997,San Luis,2112,0,2282,2042,0
1997,Santa Cruz,0,9,6003,15369,0
1997,Santa Fe,40,0,38,414,0
1997,Santiago del Estero,500,0,0,7500,0
1997,Tierra del Fuego,23,0,1,124,0
1997,Tucumán,0,0,0,1321,0
1998,Buenos Aires,401,1427,1723,35409,10
1998,Catamarca,500,0,0,1600,0
1998,Chaco,0,0,0,14726,0
1998,Chubut,4045,132,742,2753,0
1998,Córdoba,8817,4,9503,2180,0
1998,Corrientes,0,0,152,163,0
1998,Entre Ríos,8,312,0,141,0
1998,Formosa,0,0,0,711,0
1998,Jujuy,449,45,5,0,0
1998,La Pampa,137265,0,252475,0,0
1998,La Rioja,1802,0,0,19210,0
1998,Mendoza,12403,0,9433,89624,0
1998,Misiones,286,1246,1708,2204,70
1998,Neuquén,68,7,15,12303,0
1998,Río Negro,9384,505,9095,63715,0
1998,Salta,14024,105,3100,5813,0
1998,San Juan,0,1,45,218,0
1998,San Luis,87015,0,24189,35433,0
1998,Santa Cruz,0,0,25,3458,0
1998,Santa Fe,0,0,37,498,0
1998,Santiago del Estero,940,0,639,1130,0
1998,Tierra del Fuego,53,0,0,480,0
1999,Buenos Aires,1028,2899,3166,34482,0
1999,Catamarca,0,0,0,1300,0
1999,Chaco,406,0,150,8825,0
1999,Chubut,8904,9,3388,15136,0
1999,Córdoba,22306,65,0,37562,0
1999,Corrientes,12,2523,10,5631,0
1999,Entre Ríos,7118,9710,0,3409,0
1999,Formosa,0,0,262,5978,0
1999,Jujuy,43,17,42,227,0
1999,La Pampa,34830,0,42440,0,0
1999,La Rioja,3,0,4000,63022,0
1999,Mendoza,26247,945,25436,14612,0
1999,Misiones,1476,948,490,761,0
1999,Neuquén,323,27,4647,123760,0
1999,Río Negro,10871,1167,4585,42762,0
1999,Salta,5865,70,2190,6710,0
1999,San Juan,0,0,147,937,0
1999,San Luis,34729,0,44416,8012,0
1999,Santa Cruz,16,120,6086,12875,0
1999,Santa Fe,44,1,10,309,0
1999,Santiago del Estero,300,0,400,500,0
1999,Tierra del Fuego,89,0,0,125,0
1999,Tucumán,0,10,5,2803,0
2000,Buenos Aires,1116,399,1902,14511,0
2000,Catamarca,27000,4,26034,24195,0
2000,Chaco,169,30,107,2333,0
2000,Chubut,27,16,42,49,0
2000,Ciudad Autónoma de Buenos Aires,2,1,2,28,0
2000,Córdoba,20638,1198,32677,35407,0
2000,Corrientes,12,3169,564,2270,0
2000,Entre Ríos,646,203,145,181,0
2000,Formosa,0,0,64,668,0
2000,Jujuy,18,400,109,640,0
2000,La Pampa,290154,0,1099828,22000,0
2000,La Rioja,10880,45,11908,29345,0
2000,Mendoza,385779,507,71184,152364,0
2000,Misiones,161,462,1256,1983,0
2000,Neuquén,0,0,10,15171,0
2000,Río Negro,27619,1374,17144,109616,0
2000,Salta,15533,2128,4469,8663,0
2000,San Juan,0,0,7,797,0
2000,San Luis,149100,0,118456,32000,0
2000,Santa Cruz,122,0,1579,5677,0
2000,Santa Fe,128,118,354,1489,0
2000,Santiago del Estero,2730,4,832,1166,0
2000,Tierra del Fuego,22,0,0,0,0
2000,Tucumán,11800,0,0,4000,0
2001,Buenos Aires,19998,731,16431,38411,0
2001,Catamarca,0,0,107,1809,0
2001,Chaco,55,151,576,5508,0
2001,Chubut,4425,837,570,53,0
2001,Ciudad Autónoma de Buenos Aires,0,0,0,16,0
2001,Córdoba,19234,313,5334,58292,0
2001,Corrientes,762,494,2,1566,0
2001,Entre Ríos,67,199,79,136,0
2001,Formosa,0,0,502,5094,0
2001,Jujuy,0,35,25,75,0
2001,La Pampa,579124,0,2334693,0,0
2001,La Rioja,7400,0,40,57598,0
2001,Mendoza,241056,497,107521,71266,0
2001,Misiones,156,114,746,1908,0
2001,Neuquén,0,0,13,22539,0
2001,Río Negro,35393,16327,352575,533749,0
2001,Salta,11442,438,11864,23867,0
2001,San Juan,1,0,44,530,0
2001,San Luis,54655,0,19250,16200,0
2001,Santa Cruz,501,0,1136,3069,0
2001,Santa Fe,7,8,78,2307,0
2001,Santiago del Estero,1140,0,19,223,0
2001,Tierra del Fuego,57,0,0,0,0
2001,Tucumán,0,0,0,600,0
2002,Buenos Aires,31433,1331,4154,67989,0
2002,Catamarca,9097,300,2924,31204,0
2002,Chaco,1,0,44,100,0
2002,Chubut,156,17,7268,200,0
2002,Córdoba,25734,8449,28510,42080,0
2002,Corrientes,1046,735,243,2001,0
2002,Entre Ríos,236,119,31,111,0
2002,Formosa,4,0,14,9669,0
2002,Jujuy,14,54,29,43,0
2002,La Pampa,304458,0,668185,13150,0
2002,La Rioja,40447,0,0,37975,0
2002,Mendoza,90002,1500,127066,114862,0
2002,Misiones,49,198,106,223,0
2002,Neuquén,940,3,2,7496,0
2002,Río Negro,80876,2980,181769,67993,0
2002,Salta,9682,611,9596,16627,0
2002,San Juan,14,48,4,918,0
2002,San Luis,178102,10,0,0,0
2002,Santa Cruz,4022,1,593,5250,0
2002,Santa Fe,429,108,173,1835,0
2002,Santiago del Estero,5774,0,2,2242,0
2002,Tierra del Fuego,19,0,0,4,0
2002,Tucumán,85,0,34,930,0
2003,Buenos Aires,19536,1301,2750,546149,0
2003,Catamarca,6880,0,1505,2695,0
2003,Chaco,1549,44,271,15114,0
2003,Chubut,41,30,42841,1748,0
2003,Ciudad Autónoma de Buenos Aires,0,0,0,14,0
2003,Córdoba,51474,3308,1,72762,0
2003,Corrientes,1109,512,0,511,0
2003,Entre Ríos,400,323,251,409,0
2003,Formosa,402,305,194,6685,0
2003,Jujuy,20,16,65,159,0
2003,La Pampa,418363,0,412138,23420,0
2003,La Rioja,99233,2006,0,24729,0
2003,Mendoza,115423,0,225903,271062,0
2003,Misiones,5,1217,968,2192,0
2003,Neuquén,111,271,2788,14739,0
2003,Río Negro,48350,4327,220823,174744,0
2003,Salta,10660,1584,15008,27605,0
2003,San Juan,0,15,175,2468,0
2003,San Luis,217720,0,0,0,0
2003,Santa Cruz,10145,0,691,4658,0
2003,Santa Fe,1256,54,178,2934,0
2003,Santiago del Estero,1933,0,560,981,0
2003,Tierra del Fuego,0,0,0,0,0
2003,Tucumán,351,22,44,3147,0
2004,Buenos Aires,1538,1446,3039,17684,0
2004,Catamarca,1,0,249,1925,0
2004,Chaco,428,12,279,4539,0
2004,Chubut,637,268,1139,414,0
2004,Ciudad Autónoma de Buenos Aires,0,0,0,45,0
2004,Córdoba,4600,41,63,6769,0
2004,Corrientes,0,1507,0,3652,0
2004,Entre Ríos,635,1019,991,1489,0
2004,Formosa,0,0,124,1971,0
2004,Jujuy,1171,129,3145,5351,0
2004,La Pampa,17875,0,110920,110883,0
2004,La Rioja,9400,0,302,8529,0
2004,Mendoza,15766,0,21017,22976,0
2004,Misiones,15,691,521,1190,0
2004,Neuquén,422,26,4442,20489,0
2004,Río Negro,6288,631,11489,22016,0
2004,Salta,11363,2448,18605,32259,0
2004,San Juan,0,19,72,765,0
2004,Santa Cruz,142,11,864,5434,0
2004,Santa Fe,1378,4682,899,20471,0
2004,Santiago del Estero,4300,0,0,2880,0
2004,Tierra del Fuego,21,0,1,1,4
2004,Tucumán,104,8,51,806,0
2005,Buenos Aires,4171,806,1457,33364,0
2005,Catamarca,0,1,6329,24728,0
2005,Chaco,335,300,909,3599,0
2005,Chubut,999,89,993,3311,0
2005,Ciudad Autónoma de Buenos Aires,0,0,0,28,0
2005,Córdoba,3866,4118,382,8544,0
2005,Corrientes,0,3806,0,52789,0
2005,Entre Ríos,146,2173,174,221,0
2005,Formosa,0,0,120,7823,0
2005,Jujuy,850,759,566,1480,0
2005,La Pampa,58290,207,118868,136161,0
2005,La Rioja,639,0,0,41,0
2005,Mendoza,6361,0,20177,38448,0
2005,Misiones,1527,415,3719,3306,0
2005,Neuquén,214,1806,1973,18970,0
2005,Río Negro,92277,388,96019,114595,0
2005,Salta,10876,3330,17414,30158,0
2005,San Juan,0,4,230,762,0
2005,San Luis,22314,0,0,248,0
2005,Santa Cruz,57,36,2011,7295,0
2005,Santa Fe,15,177,114,1605,0
2005,Santiago del Estero,3300,0,0,4700,0
2005,Tierra del Fuego,9,0,0,8,1
2005,Tucumán,0,0,125,2826,0
2006,Buenos Aires,649,796,694,165947,0
2006,Catamarca,1,0,1792,3064,0
2006,Chaco,15944,4250,1154,16259,0
2006,Chubut,75,129,75,52,0
2006,Córdoba,23498,124,15160,22987,0
2006,Corrientes,0,7370,0,0,0
2006,Entre Ríos,345,2857,870,733,0
2006,Formosa,0,0,94,1597,0
2006,Jujuy,31,15,108,5722,0
2006,La Pampa,34170,200,56690,46330,0
2006,La Rioja,7500,0,0,178,0
2006,Mendoza,4906,396,12302,42895,0
2006,Misiones,24,849,20,2064,0
2006,Neuquén,600,223,4369,2473,0
2006,Río Negro,14222,186,61492,65891,0
2006,Salta,8060,1925,12981,18198,0
2006,San Juan,0,0,122,534,0
2006,San Luis,8440,0,0,12392,0
2006,Santa Cruz,2,2,1581,1540,0
2006,Santa Fe,100,607,75,2265,0
2006,Santiago del Estero,12300,0,0,2700,0
2006,Tierra del Fuego,0,0,0,0,0
2006,Tucumán,0,98,139,1910,0
2007,Buenos Aires,1392,1553,268,15893,0
2007,Catamarca,0,59,4746,19950,0
2007,Chaco,3559,0,373,22281,0
2007,Chubut,47,214,291,205,0
2007,Ciudad Autónoma de Buenos Aires,0,0,0,8,0
2007,Córdoba,4371,0,472,6526,0
2007,Corrientes,25,0,29,515,0
2007,Entre Ríos,80,150,97,223,0
2007,Formosa,16,4,31,3005,0
2007,Jujuy,39,546,284,629,0
2007,La Pampa,7156,500,10888,3711,0
2007,La Rioja,19,8,67,106,0
2007,Mendoza,1672,12,5169,9314,0
2007,Misiones,0,37,20,239,0
2007,Neuquén,29,23,546,555,0
2007,Río Negro,25,11,18434,25075,0
2007,Salta,6993,1206,11717,16893,0
2007,San Juan,0,0,161,1185,0
2007,San Luis,4884,0,8571,12205,0
2007,Santa Cruz,2,2,1816,7204,0
2007,Santa Fe,98,95,519,2082,0
2007,Santiago del Estero,0,0,950,3595,0
2007,Tierra del Fuego,2,0,4,9,1
2007,Tucumán,40,3,160,659,0
2008,Buenos Aires,2083,10462,2204,54075,0
2008,Catamarca,2840,274,5135,4295,0
2008,Chaco,718,0,246,1909,0
2008,Chubut,3459,780,1536,3512,0
2008,Ciudad Autónoma de Buenos Aires,0,0,0,2,0
2008,Córdoba,15603,2,18228,27709,0
2008,Corrientes,2880,3161,0,2012,0
2008,Entre Ríos,2037,1315,27342,47200,0
2008,Formosa,30,0,131,4004,0
2008,Jujuy,191,392,1400,664,0
2008,La Pampa,41315,0,22166,34005,0
2008,La Rioja,70,0,325,622,0
2008,Mendoza,827,1,10016,77682,0
2008,Misiones,83,385,238,767,0
2008,Neuquén,136,33,217,486,0
2008,Río Negro,8,20,5669,14652,0
2008,Salta,4428,1294,8554,13115,0
2008,San Juan,120,15,148,840,0
2008,San Luis,3070,2000,0,19080,0
2008,Santa Cruz,3,0,33456,21840,0
2008,Santa Fe,234,179,284,4304,0
2008,Santiago del Estero,0,0,3773,20860,0
2008,Tierra del Fuego,4846,0,0,61,2489
2008,Tucumán,20,0,41,185,0
2009,Buenos Aires,10032,1940,286,21821,0
2009,Catamarca,7605,5429,6611,34608,0
2009,Chaco,875,0,241,2326,0
2009,Chubut,107,28,138,95,0
2009,Ciudad Autónoma de Buenos Aires,5,0,5,55,0
2009,Córdoba,21884,120,10500,37743,0
2009,Corrientes,545,5037,3,9975,0
2009,Entre Ríos,0,252,0,552,0
2009,Formosa,0,0,152,1226,0
2009,Jujuy,334,275,388,670,0
2009,La Pampa,12386,40,2500,10000,0
2009,La Rioja,100,0,1010,2870,0
2009,Mendoza,244,2,5485,19565,0
2009,Misiones,248,508,84,639,0
2009,Neuquén,30,5,29,146,0
2009,Río Negro,1322,808,3850,8774,0
2009,Salta,4555,1116,11081,18299,0
2009,San Juan,0,0,126,1039,0
2009,San Luis,37445,0,324669,124449,0
2009,Santa Cruz,0,0,5096,4753,0
2009,Santa Fe,22,293,62,3510,0
2009,Santiago del Estero,8090,0,4800,26650,0
2009,Tierra del Fuego,34,0,1,1,0
2009,Tucumán,804,90,882,3217,0
2010,Buenos Aires,1451,551,514,6156,0
2010,Catamarca,564,0,1683,13583,0
2010,Chaco,973,507,209,2229,0
2010,Chubut,176,26,529,531,0
2010,Ciudad Autónoma de Buenos Aires,0,0,0,0,0
2010,Córdoba,2233,790,0,7282,0
2010,Corrientes,0,38,4,718,60
2010,Entre Ríos,802,311,35,545,0
2010,Jujuy,24461,235,549,1900,0
2010,La Pampa,1360,190,874,15967,0
2010,La Rioja,0,130,5467,23674,0
2010,Mendoza,3712,157,5528,44799,0
2010,Misiones,3,81,75,388,0
2010,Neuquén,5,19,92,480,0
2010,Río Negro,8,6,182,449,0
2010,Salta,379,161,463,2943,0
2010,San Juan,0,0,152,936,0
2010,San Luis,9780,0,9143,13402,0
2010,Santa Cruz,4,0,8,30,0
2010,Santa Fe,18,201,236,2312,0
2010,Santiago del Estero,1050,0,0,4345,0
2010,Tierra del Fuego,3,0,3,1,0
2011,Buenos Aires,229,657,90,2378,0
2011,Catamarca,4165,0,4347,4212,0
2011,Chaco,2526,503,245,5574,0
2011,Chubut,1236,226,1273,1434,0
2011,Ciudad Autónoma de Buenos Aires,1,0,1,5,0
2011,Córdoba,24569,0,5778,40946,0
2011,Corrientes,0,1359,20,4305,192
2011,Entre Ríos,34,0,21,1970,0
2011,Formosa,338,0,317,1760,0
2011,Jujuy,327,83,143,789,0
2011,La Pampa,7300,150,3000,67572,0
2011,La Rioja,0,0,70,1320,0
2011,Mendoza,427,1,2303,8176,0
2011,Misiones,15,150,34,305,0
2011,Neuquén,671,284,5045,4682,0
2011,Río Negro,5,11,6233,9106,0
2011,Salta,167,118,171,1454,0
2011,San Juan,20,280,302,19535,0
2011,San Luis,4218,0,5842,8540,0
2011,Santa Cruz,2,0,22,39,0
2011,Santa Fe,62,197,138,2094,0
2011,Santiago del Estero,7388,0,0,3565,0
2011,Tierra del Fuego,80,0,11,6,0
2012,Buenos Aires,0,10,4,84,0
2012,Catamarca,4,5,591,4052,0
2012,Chaco,4317,138,60,3256,0
2012,Chubut,3306,261,412,719,0
2012,Ciudad Autónoma de Buenos Aires,0,0,0,0,0
2012,Córdoba,4036,0,295,6799,0
2012,Corrientes,0,770,0,2787,0
2012,Entre Ríos,1591,482,19,332,0
2012,Formosa,0,0,320,5639,0
2012,Jujuy,1503,750,1004,5417,0
2012,La Pampa,14644,0,500,15058,0
2012,La Rioja,6,26,7,352,0
2012,Mendoza,260,9,1153,5585,0
2012,Misiones,220,445,275,1204,0
2012,Neuquén,397,631,6597,8433,0
2012,Río Negro,376,6,974,1738,0
2012,Salta,115,68,319,1296,0
2012,San Juan,3,20,48,565,0
2012,San Luis,5841,0,9868,34492,0
2012,Santa Cruz,1000,11000,8420,80,0
2012,Santa Fe,5,115,164,2247,0
2012,Santiago del Estero,5510,0,0,3460,0
2012,Tierra del Fuego,2575,0,0,1,0
2012,Tucumán,58,0,458,1476,0
2013,Buenos Aires,38,12,15,1903,0
2013,Catamarca,159,0,2088,4261,0
2013,Chaco,710,868,2,7272,0
2013,Chubut,69,1,30,7,0
2013,Ciudad Autónoma de Buenos Aires,0,0,0,32,0
2013,Córdoba,25620,7000,3550,69009,0
2013,Corrientes,154,757,27,166,0
2013,Entre Ríos,1185,324,41,10290,0
2013,Formosa,764,0,7318,3211,0
2013,Jujuy,18308,1833,6530,5371,0
2013,La Pampa,44756,700,9437,28467,0
2013,La Rioja,0,50,16,440,0
2013,Mendoza,1776,4519,21239,49484,0
2013,Misiones,8,48,137,678,0
2013,Neuquén,1432,16,441,560,0
2013,Río Negro,61,10,206,1455,0
2013,Salta,0,1,1198,16947,0
2013,San Juan,80,1,64,308,0
2013,San Luis,1617,0,24425,28651,0
2013,Santa Cruz,1,0,457,1047,0
2013,Santa Fe,132,86,86,2174,0
2013,Santiago del Estero,3270,0,0,2792,0
2013,Tierra del Fuego,3,0,1,6,0
2013,Tucumán,104,0,0,6325,0
2014,Buenos Aires,4882,533,1500,59189,0
2014,Catamarca,3,8,1097,9258,0
2014,Chaco,72,79,133,4961,0
2014,Chubut,1,2,33,112,0
2014,Ciudad Autónoma de Buenos Aires,0,0,0,0,0
2014,Córdoba,0,0,200,3996,0
2014,Corrientes,54,1018,25,543,0
2014,Entre Ríos,517,83,5,931,0
2014,Formosa,11,0,207,7603,0
2014,Jujuy,21,25,143,1259,0
2014,La Pampa,143009,17,216073,131537,0
2014,La Rioja,0,72,6,1736,0
2014,Mendoza,2810,0,11003,52344,0
2014,Misiones,32,94,211,622,0
2014,Neuquén,31,24,280,292,0
2014,Río Negro,4,4,14697,34668,0
2014,Salta,12,0,71,1532,0
2014,San Juan,0,0,16,551,0
2014,San Luis,2530,0,448,49515,0
2014,Santa Cruz,185,0,46,46,0
2014,Santa Fe,0,90,1,648,0
2014,Santiago del Estero,27,47,290,1107,0
2014,Tierra del Fuego,1,0,1,8,0
2014,Tucumán,0,0,40,80,0
2015,Buenos Aires,173,792,99,4667,0
2015,Catamarca,8,55,2524,8264,0
2015,Chaco,25,110,41,4044,0
2015,Chubut,26987,195,6601,6564,0
2015,Ciudad Autónoma de Buenos Aires,0,0,0,6,0
2015,Córdoba,720,50,0,510,0
2015,Corrientes,0,0,0,12227,0
2015,Entre Ríos,503,24,46,957,0
2015,Formosa,6,21,232,536,0
2015,Jujuy,49,45,350,1465,0
2015,La Pampa,92782,5,85110,35039,868
2015,La Rioja,0,58,26,427,0
2015,Mendoza,1026,86,5203,13473,0
2015,Misiones,0,43,84,251,0
2015,Neuquén,1,3,10239,10322,0
2015,Río Negro,47,32,37568,67461,0
2015,Salta,34,3,219,839,0
2015,San Juan,0,5,52,534,0
2015,San Luis,3555,1835,9941,17867,0
2015,Santa Cruz,1,2,64,93,0
2015,Santa Fe,127,38,73,939,0
2015,Santiago del Estero,591,5,834,545,0
2015,Tierra del Fuego,2,0,1,2,0
2015,Tucumán,0,0,26,90,0
2016,Buenos Aires,2059,404,356,56478,0
2016,Catamarca,1396,172,3873,22055,0
2016,Chaco,15,25,8,9081,0
2016,Chubut,6327,42,2517,666,0
2016,Ciudad Autónoma de Buenos Aires,0,0,0,1,0
2016,Córdoba,317,0,873,2351,0
2016,Corrientes,1400,0,0,8580,0
2016,Entre Ríos,1126,19,150,1735,0
2016,Formosa,0,0,133,482,0
2016,Jujuy,471,53,750,736,0
2016,La Pampa,157250,19,243851,214063,0
2016,La Rioja,0,0,9,325,0
2016,Mendoza,4499,885,13665,74481,0
2016,Misiones,30,14,152,2469,0
2016,Neuquén,38,11,893,37415,0
2016,Río Negro,67,12,12350,47747,0
2016,Salta,311,530,525,3300,0
2016,San Juan,0,160,1,1938,0
2016,San Luis,123,0,18344,79394,0
2016,Santa Cruz,31,0,474,531,0
2016,Santa Fe,102,87,98,820,0
2016,Santiago del Estero,34,0,782,859,0
2016,Tierra del Fuego,5,0,1,4,0
2016,Tucumán,0,0,0,90,0
