  14881967          6864           165.676  25746275          1089           128.937     14881967          5080           137.733     
 22946846          9961            58.501       81373229          1124            22.374       12059764          4410            15.538    63254017        
  7764           243.242   63254017          5209            97.637
  59413534          5364 
         186.750     14881967          5080           131.155   72028339          1780            95.280     17519194          4200           113.249     25746275          2666            16.761     12059764          3981           121.475        72028339          3575           220.131
  59413534          1722           123.542
  12059764          3024           240.241
  14881967          1616           147.492
  25746275          2666            78.830
  22946846          5109           232.316
  81373229          7374            73.324
  63254017          5164            54.426    81373229          5694            45.553
  72028339          3058            49.936  83586972          3036           149.577
  71791153          2488            12.575  14881967          1616           208.842
  25746275          5463            17.053  12059764          3981            99.124
  14881967          6864            49.965  71791153          2055           247.734   81437630          7659           226.278  81437630          5064           189.088
  40191184          5078           136.004  17519194          4200            45.581  59514978          4307           126.794  63254017          3344            85.559
  38927909          3794           143.179  17519194          7011           223.657  25746275          2666           248.438  14881967          9124            36.488  59413534          6039            77.346  40191184          6264           191.925
  54987006          5343           248.255  83586972          8647           211.909
  25746275          5463           212.551  38927909          6906            86.177  81437630          7659           228.075  38927909          3794            56.951
  81437630          4053           229.359  22946846          5109           136.517
  72028339          5476           145.342  71791153          2055            16.918
  54987006          2961            44.346  14881967          4172           159.957
  22946846          5104           185.608
  59514978          6324           109.364  59413534          5038           124.578
  54987006          2961            24.485 40191184          7196           141.237  83586972          4195            91.070  17519194          7496           124.268
  59413534          7908           235.969  59413534          1722           198.071  38927909          6906           159.715  71791153          6751            44.391    40191184          1302            18.094  25746275          5463            81.435  59413534          7534           128.797
  40191184          8332           172.214  71791153          6751            67.304
  83586972          4195            58.812  14881967          1909           227.853
  83586972          3036           129.315  22946846          5233            61.776
  22946846          7878           117.233  12059764          3981           200.874  63254017          7764           111.101  63254017          6170           214.427
  54987006          3212           141.620  59413534          7908           135.780  40191184          6264           118.918
  71791153          8871           150.957
  59413534          7534           116.771
  14881967          5142            53.941
  14881967          5080            59.446  22946846          9411            85.482  72028339          7703           163.928  54987006          3646           148.998
  59514978          6324           103.122  17519194          7011            40.140  25746275          7627           240.562  25746275          6497            93.263
  59413534          1052           106.179  22946846          9961           173.087
  81373229          7374            51.365  25746275          9691            70.973
  12059764          3024            21.561  81437630          4053           149.808  71791153          8871            34.655  54987006          5343           186.169    59514978          5718           245.676  12059764          7767             3.307
  59413534          5038           110.095  14881967          1616           238.976
  81437630          5293            19.888  22946846          5109           165.218  40191184          8332           233.047  14881967          5142           159.379
  22946846          9961           219.951  40191184          1302           205.689
  40191184          1351             6.469 71791153          6751           153.741
  81437630          4053           245.000  81437630          5064           231.717
  71791153          7691            48.566  12059764          3981           106.744  22946846          5104           219.308  38927909          6906            28.041
  40191184          2019           152.195  40191184          7196           189.096
  25746275          1089           157.325  40191184          1302           164.834
  59413534          7534           178.898  72028339          3575           197.570  81373229          5694            26.702  83586972          3036           231.360
  59514978          6324           240.046  38927909          2818            73.616
  25746275          6497           174.490
  95738123          9987            28.740
  83586972          3036           110.158
  40191184          7196           195.660
  38927909          6906             7.893  22946846          5233           107.188
  14881967          4172           152.973  72028339          3575            73.834
  81437630          4053            19.351  54987006          3646           198.470
  12059764          3024            60.336  81373229          7374           156.554  63254017          7764            79.123  72028339          9332            46.478    81437630          7238           128.402  59514978          4128            98.375
  14881967          5142           216.208 59413534          8052           132.817
  17519194          7011            96.694  81437630          5064           124.865  54987006          3646            44.214  72028339          3575            53.566
  81437630          4053           119.571  59413534          6039            36.276
  72028339          3058           162.971  25746275          9614           238.264
  81437630          7238            53.001  81373229          2398           194.693  59413534          7908           145.899  83586972          8647            26.446
  83586972          7291            18.932 40191184          8332           141.874
  59413534          7534           154.682
  25746275          9614            95.032  63254017          6170            11.686
  72028339          3489           202.631  95738123          9987            57.897
  83586972          3036           148.680
  72028339          7703           188.029
  17519194          7011             8.805  25746275          1089           238.197
  81437630          5293           182.298
  59413534          8052           133.281
  14881967          1909            32.925  81437630          5064            85.623
  14881967          7782            46.263
  54987006          5824           190.322
  59514978          4128             5.838
  40191184          7196            89.274
  71791153          8871           137.227
  81437630          6189           172.625  14881967          1616            28.891
  14881967          5142           146.325  81437630          5064             7.852
  81373229          1124           212.399  12059764          7767            31.377  63254017          7764             6.300  14881967          6864            49.343
  22946846          5233           249.546  22946846          5233           243.967  59514978          1938           198.638  12059764          4410           136.447
  25746275          6497           113.315  71791153          2488            55.644
  59514978          6324           223.079  59413534          8052             8.531  81373229          2398            16.680  14881967          1909           241.988
  25746275          7627            19.774  54987006          3646           233.707
  17519194          7496            35.990  59514978          4128           119.128
  54987006          5824           120.631  14881967          5080           242.785  54987006          3212           155.327
  63254017          6170           193.658
  54987006          3212            64.942
  22946846          7878            64.017
  12059764          3024            17.141
  63254017          5209           201.324
  54987006          5824            55.272
  12059764          4410           115.305
  72028339          3575           150.380
  59413534          5364           117.676  22946846          9411             5.319  12059764          4410           144.895  12059764          7767           100.599
  59413534          1052           187.075  17519194          4200            44.802  72028339          3150            32.669  71791153          2055           112.073
  25746275          5463           197.011  59413534          8052            75.069
  40191184          1351           107.000  71791153          7691           207.953
  83586972          3036           185.782  59413534          6039           203.148  81437630          5293            22.404  59413534          5038           147.148
  22946846          5104           135.356  40191184          7196            63.733
  22946846          9411            51.291  81373229          5694            81.450
  12059764          4410           187.665  38927909          2818           183.107
  40191184          5078           232.025 72028339          3816            14.823
  72028339          5476            38.778  81437630          7238           231.635  12059764          3981            70.271
  25746275          9614            44.483
  40191184          1351           136.713
  81437630          5987            74.645
  12059764          7767           244.103
  40191184          2019           201.176  14881967          1616             2.769
  72028339          9332            16.434  25746275          9691            10.460
  59413534          1052           166.017  71791153          8871           220.905
  81437630          7659             1.934  54987006          3212           150.407  14881967          7782           184.608  40191184          1351           184.963
  59413534          7674           144.339  81437630          5293           135.209
  22946846          7878           109.499  59514978          4307             6.456
  59514978          5718           100.452  63254017          5164            54.492  63254017          6170           180.918  81437630          5987           108.842
  14881967          1909           124.622  81373229          7374             2.013
  81437630          4053           148.744  63254017          5164           171.179
  22946846          7878           121.959  81437630          5987           226.620
  22946846          5233           117.931
  83586972          3036           101.618
  63254017          6170            40.951
  14881967          5142           192.150
  14881967          1616           150.696  72028339          3058           179.864
  72028339          3150           114.472  72028339          1780           225.154
  81437630          5293            20.080  72028339          3150           162.786
  81437630          4053           175.120  59413534          7674            81.141
  14881967          1909           133.144  71791153          8871            18.649
  59413534          5364            30.165  95738123          9987            57.502  63254017          6170            33.388  59413534          1052             0.665
  22946846          7878            75.158  71791153          2488           228.759  14881967          5142           149.730  22946846          9411           150.016
  63254017          5209            58.366  81437630          7659            26.943
  14881967          9124           128.437
  72028339          3058           120.551
  17519194          7011           174.059
  81437630          6694            60.604
  59413534          6039            46.242
  81437630          6694           125.353  72028339          9332           222.124
  40191184          5078            10.163  54987006          5824             2.755  81437630          5064           231.293  72028339          3058           108.839
  38927909          6906           157.707  59413534          1722            79.665
  54987006          2961           235.612  63254017          5164            31.082  40191184          1302           119.599  14881967          1825            73.586
  59514978          4307          193.265   81437630          5987           240.015
  83586972         8647          162.494   25746275          6497           162.840  81437630         6189           98.246   14881967          5142           208.148
  81437630         6694          177.350   81437630          5293           184.388
  17519194        7496           76.093  59514978          6324            34.107  22946846        5109          233.469   14881967          1825           164.716
  17519194        7011          211.488   72028339          3575            33.780
  54987006        3212           79.953   71791153          6751           134.335  81437630         7238           72.773   72028339          7703           216.485
  81373229         5694          182.631   72028339          5476           104.075
  95738123         9987          192.611   12059764          3981           231.904
  25746275          2666           14.066   83586972          7291            99.514  59413534          7908          138.582  59413534          5038            84.728
  59514978          1938          202.153   72028339          5476           120.694
  95738123          9987           95.912   59514978          4128           174.881
  59514978          4307           25.316
  17519194          7496          160.479
  81437630          6694         170.844
  14881967          7782          232.015
  59514978          4307           8.158
  63254017          3344         151.161   59413534          7908            43.226
  59413534          1052          39.078  81373229          5694           176.308
  59413534          1722          66.298   25746275          7627           106.053  59514978          5718         115.158     72028339          7703            70.649
  83586972          8647          40.649  40191184          7196           162.762
  72028339          3058         180.140  72028339          5476            53.454  72028339          3816           22.864   14881967          1909            21.324
  40191184          2019         147.702  25746275          1089           112.572
  71791153          7691          102.905   59514978          1938           167.815
  54987006          5824          213.407   81373229          1124           171.271  59514978          5718          192.049    22946846          7878            96.706
  81373229          2398           96.596  54987006          3212           100.854
  54987006          5824           203.688  17519194          7011           128.329  81373229          7374            82.422  81373229          1124             5.701
  83586972          8647           199.757  83586972          8647           112.737
  83586972          8647            91.046  72028339          3489           172.298  72028339          3058            23.631  83586972          7291           217.171
  22946846          5104            29.321  14881967          1616            27.140
  59413534          1722           132.876  71791153          2488            66.691  14881967          7782           197.216  72028339          5476             4.704
  71791153          2055           171.116  14881967          1825            10.868
  71791153          7691            87.967  72028339          3150           173.951  14881967          5080           219.941  59514978          4128           212.987
  63254017          3344           177.981  72028339          1780            10.585
  59413534          7674           168.415  81437630          6189           216.947
  81437630          5064            41.836
  83586972          4195            93.549
  59514978          6324           196.978
  59514978          4307           160.520  59514978          5718           139.509  63254017          5209            70.273  40191184          6264           172.847
  81373229          7374           204.289  54987006          5343           121.692
  54987006          2961           162.733  81373229          2398           243.195  40191184          8332           132.442  81437630          6189           227.744
  38927909          2818           146.933
  81373229          5694           239.439  38927909          3794           123.199
  63254017          7764            27.813  81373229          7374           174.134
  81373229          5694           248.621  72028339          3489            25.248  72028339          3816           135.527
  59413534          7674           141.383  25746275          9691           109.668
  14881967          4172            43.105  81437630          5293           148.822  22946846          7878           188.575  38927909          3794           204.858
  17519194          4200           177.461  40191184          1351            56.038
  63254017          3344           238.995  54987006          5343           132.553  59413534          5364           142.237  14881967          9124            66.359
  81437630          6189           177.206  72028339          3150           147.208
  14881967          7782           189.246  40191184          6264           178.276
  81437630          6694           154.464  59413534          1722           102.062  72028339          5476            67.787
  12059764          3981           166.218
