PRODUCTOS: 
CODIGO PRODUCTO     DESCUENTO PRECIO  STOCK   
412041              791       1493    1595    
       20201026    71378466    178
       20190701    45783712    341
       20190628    33397650    900

872819              0         513     819     
       20200419    32821689    554
       20211020    83236386    108

406688              116       563     2004    
       20200419    33713901    52
       20211019    32821689    860
       20190803    83236386    936

365906              984       2665    2258    
       20190817    33397650    1130
       20211217    91897732    901

308982              0         530     4280    
       20210415    79140840    1000
       20200304    29847168    1134
       20200921    81114108    692
       20210823    46462527    634
       20190424    71378466    335

901816              1197      5050    1119    
       20210902    33713901    511
       20211227    46462527    243

397718              0         1699    311     
       20191018    46462527    17

204890              0         1931    1067    
       20220202    48184351    120
       20190313    91897732    629

748899              0         1025    2365    
       20190726    46462527    1144
       20210124    79475585    853

459032              0         538     2404    
       20201213    33397650    505
       20190529    79140840    755
       20200529    71378466    989

690039              1432      1079    1149    
       20190105    45783712    842

536472              0         967     2038    
       20191203    33713901    550
       20201231    48184351    1158
       20201129    76388967    318

434681              0         592     1179    
       20200714    46462527    393
       20201129    17913944    901

662083              0         766     616     
       20220101    57263719    517
       20190710    81114108    156

997564              1183      1651    1111    
       20191006    71984468    112
       20200509    76388967    1150

285807              0         884     546     
       20190101    33397650    404

675770              202       4550    1077    
       20191020    17913944    492
       20200911    83236386    218

390920              93        564     1573    
       20200514    79475585    379
       20210422    17913944    762
       20200312    46462527    458

714788              0         953     1095    
       20201123    62566305    690

374253              0         1382    1827    
       20201007    33397650    864
       20190105    76388967    529
       20210324    33397650    433

582920              701       441     692     
       20211129    17913944    575
       20200816    46462527    0

793026              470       2586    3031    
       20200907    79475585    688
       20220106    57263719    491
       20210713    81114108    674
       20210701    32821689    1032

935218              0         3983    1       
       20190421    76388967    224
       20191230    29847168    115

182942              370       2840    693     
       20201006    81114108    281
       20191012    46462527    194

317404              512       1090    2406    
       20210520    79140840    277
       20210929    48184351    516
       20210606    46462527    1110
       20210322    17913944    212

696000              135       4080    1870    
       20191228    17913944    135
       20201002    45783712    790
       20191202    33713901    838

430669              0         6513    56      
       20190518    79140840    982

565169              241       315     2786    
       20200605    81114108    490
       20220329    48184351    645
       20200718    79475585    532
       20211010    57263719    1102

118050              0         2099    2329    
       20191216    79475585    780
       20200309    81114108    1142
       20200430    79475585    507

485302              762       668     2336    
       20190725    48184351    147
       20210117    71378466    801
       20210705    91897732    936
       20210104    71378466    483

580927              0         1908    655     
       20210101    29847168    379

422763              0         1385    1479    
       20190923    17913944    195
       20210802    29847168    449
       20200428    32821689    360
       20210205    17913944    345

151641              0         987     1044    
       20200720    91897732    644
       20200210    32821689    420

620036              0         6330    1352    
       20200519    57263719    375
       20210423    29847168    750

947176              0         1493    1537    
       20190201    33397650    559
       20210309    91897732    165
       20190203    76388967    638

415932              1052      768     2229    
       20200813    17913944    68
       20190605    33397650    690
       20190506    33713901    1125
       20210704    17913944    30

900698              1341      1927    1122    
       20191009    46462527    546
       20190519    81114108    491

785062              1465      1736    709     
       20200805    33713901    395

856894              0         5608    3088    
       20190602    48184351    545
       20201015    17913944    745
       20200925    57263719    146
       20200417    48184351    1167

941699              0         2329    2143    
       20190729    33397650    347
       20220205    81114108    613
       20200727    57263719    935

923804              511       526     1829    
       20200319    71378466    737
       20190815    83236386    1053

992564              0         2079    826     
       20201010    32821689    181
       20201105    81114108    329

330512              528       705     687     
       20211003    46462527    101
       20201126    71984468    641
       20211219    71378466    56

178943              0         718     1339    
       20211226    33397650    859
       20210316    46462527    187
       20190527    46462527    106

882099              0         1351    1559    
       20210227    62566305    165
       20210101    32821689    123
       20220123    62566305    1186

455703              0         688     1219    
       20220124    81114108    1159
       20210528    79140840    237

874503              868       954     470     
       20190807    71984468    84

979865              0         610     2209    
       20190927    45783712    969
       20211102    29847168    944

423073              566       35023   1051    
       20211109    91897732    1151

126218              0         559     1877    
       20200126    33713901    1111
       20210717    79140840    260
       20211128    71984468    599

961802              676       4554    1377    
       20200626    29847168    116
       20211004    91897732    1171

778066              0         1854    1057    
       20211122    57263719    903

179485              0         2511    1144    
       20210115    33397650    1071

511824              0         588     1418    
       20200531    48184351    436
       20190319    33713901    720

170844              0         1651    1207    
       20200706    45783712    922

748008              318       824     1373    
       20220221    79140840    767
       20190418    48184351    262

826317              0         759     90      
       20210529    46462527    446

651034              0         2411    1472    
       20220211    71984468    813
       20211111    33397650    283

311343              1273      2327    1652    
       20200730    62566305    1093
       20200806    83236386    377

365379              0         672     1       
       20190713    83236386    391

283781              191       1328    919     
       20210305    71984468    666

