29384 11.02.2019 600014 3
29384 11.02.2019 600045 2
29384 11.02.2019 600050 10
29384 11.02.2019 600100 5
29384 11.02.2019 601023 6
29386 12.02.2019 600012 5
29386 12.02.2019 600050 1
29386 12.02.2019 600100 9
30993 15.02.2019 600100 2
30993 15.02.2019 600135 5
30993 15.02.2019 601023 9
30993 15.02.2019 601024 1
30993 15.02.2019 601030 2
30997 15.02.2019 600018 2
30997 15.02.2019 601023 4
30997 15.02.2019 601030 1
30999 17.03.2019 600032 5
30999 17.03.2019 600050 10
30999 17.03.2019 600125 7
31002 16.04.2019 601030 2
31009 20.04.2019 600029 3
31009 20.04.2019 600032 6
31009 20.04.2019 600125 8
