02.2019
600012 3.4
600014 5.6
600016 10.5
600018 22.3
600029 4.5
600032 10.2
600045 9.0
600050 11.5
600100 12.6
600105 8.7
600125 12.3
600135 10.1
601023 9.5
601024 20.5
601030 110.4
03.2019
600012 3.5
600014 5.8
600016 11.5
600018 22.8
600029 4.8
600032 11.2
600045 9.8
600050 12.5
600100 13.6
600105 9.2
600125 13.2
600135 12.0
601023 10.0
601024 22.5
601030 110.4
04.2019
600012 4.0
600014 5.9
600016 10.5
600018 22.3
600029 3.5
600032 9.2
600045 9.0
600050 10.5
600100 11.6
600105 9.0
600125 12.5
600135 10.1
601023 9.5
601024 19.0
601030 110.4
