51642949  Miranda/Alfonso                                   20230212
41379     66
30796     5
86158     43
47697     52
53846     17
31883     49
58252     30
88266     17
26360     51
86451     98
60086     91
92517     9
11592     60
34080     32
50450     29
96031     29
63555     7
19397     20
TOTAL GASTOS: 9.7611e-315

61061535  Solis/Maria                                       20220820
61039     76
72969     65
22232     39
57269     27
37007     50
57036     5
81695     11
89528     79
27016     76
12388     34
26754     14
84771     18
61508     14
TOTAL GASTOS: 2.84405e+259

54815159  Patino/Delicia                                    20230318
17804     74
75565     99
36711     81
46000     112
12388     17
85865     79
30796     79
59121     103
46919     58
61295     160
37549     6
49685     58
79189     28
42053     19
24522     7
95540     25
92517     9
TOTAL GASTOS: 0

15290194  Hernandez/Guillermo                               20220906
72061     79
65667     79
17790     128
39088     81
49157     59
25684     97
68860     77
58259     68
28219     18
57036     162
61508     80
77358     13
60888     41
82469     67
18672     23
72969     70
TOTAL GASTOS: 9.7611e-315

35347567  Sedano/Elia                                       20220823
79996     10
40997     10
38648     28
37007     33
18672     12
42053     33
95540     23
97465     33
13364     7
81695     16
48244     27
89528     16
84766     1
16359     9
TOTAL GASTOS: 0

52313890  Rivero/Wilver                                     20221127
34066     6
85641     58
14962     54
24522     17
48244     4
67784     59
16055     25
44253     8
90300     32
36208     34
TOTAL GASTOS: 0

93282118  Zambrano/Ofelia                                   20221026
15098     92
60685     79
30007     29
81695     63
43633     6
14962     42
70807     61
62008     31
91282     89
42856     28
70225     16
89528     95
65536     40
95540     15
16359     31
67784     14
TOTAL GASTOS: 9.7611e-315

43704548  Vizcardo/Maribel                                  20220801
67784     61
91282     57
55021     5
70116     25
75565     1
11592     23
65536     7
53846     56
77358     17
28219     18
28892     19
22232     31
84771     32
12388     22
TOTAL GASTOS: 0

20371464  Lozada/Heli                                       20220804
82528     111
88681     86
96881     108
68539     16
28992     52
58200     80
72061     45
92628     109
57269     89
22306     26
86158     105
58252     41
12388     113
70950     30
TOTAL GASTOS: 0

93939698  Henriquez/Silvana                                 20220915
77466     39
96554     93
84766     95
18672     34
55701     20
98261     33
39779     65
28992     25
40862     64
39088     9
70950     16
37007     5
65985     15
94459     4
27447     6
TOTAL GASTOS: 0

86988155  Cerna/Cinthia                                     20220901
97465     33
58259     114
61295     36
16055     18
86828     24
77203     34
76247     57
80839     27
41995     30
30796     79
22553     28
65667     4
91282     33
TOTAL GASTOS: 9.7611e-315

34697743  Ayala/Ericka                                      20220804
85641     17
34070     17
60685     65
67784     30
74680     3
16055     23
72495     56
84766     48
36649     30
34027     2
58252     9
26506     6
22232     66
48039     27
86476     27
TOTAL GASTOS: 0

32538825  Hijar/Martin                                      20220901
24733     37
22232     63
37549     21
16055     56
70226     25
77203     48
60888     39
96031     10
74924     14
92628     24
60509     49
TOTAL GASTOS: 0

22598563  Sueldo/Adria                                      20230228
61039     13
18672     44
63555     43
31883     34
81333     45
73972     64
79996     42
22553     22
84771     30
58200     9
67415     8
89325     29
53166     9
62302     16
TOTAL GASTOS: 0

37282858  Soma/Lourdes                                      20220913
53846     47
13364     59
67784     76
84771     66
47697     47
11592     49
28219     61
60509     19
12388     87
75565     8
91282     26
28892     18
TOTAL GASTOS: 0

95656771  Raffo/Rolando                                     20220803
57269     34
14962     19
79996     50
22553     15
58036     27
25684     14
76238     61
28992     19
48557     37
19397     41
77466     34
61295     9
TOTAL GASTOS: 4.38719e-317

57182371  Moscoso/Fiorella                                  20230418
92517     49
36711     11
30796     22
81062     17
12388     45
61295     7
79189     45
42053     26
83510     31
95540     12
16813     22
TOTAL GASTOS: 0

93231760  Zarate/Alexander                                  20230327
50450     60
84766     32
42856     30
53166     30
33200     33
67784     5
85641     19
58036     5
57269     24
47734     28
76596     35
TOTAL GASTOS: 0

68269451  Asmad/Adria                                       20220801
85325     31
33390     12
68860     52
62302     6
76238     26
31311     31
80839     32
17804     14
13364     29
14075     35
86828     41
45814     59
46000     46
76360     3
92560     24
82528     24
TOTAL GASTOS: 0

36471787  Pena/Glenda                                       20230202
59121     43
27016     14
77203     31
55021     66
86828     34
46000     110
28892     109
81960     18
70226     19
44215     50
36208     26
47697     21
TOTAL GASTOS: 0

45914393  Lozada/Antonio                                    20220821
70116     72
65536     21
11592     48
53846     54
30430     39
60509     56
70226     41
67784     39
13364     37
47697     70
28892     15
91282     17
84771     16
75565     27
TOTAL GASTOS: 0

53420926  Prado/Juan                                        20220801
61039     5
14962     27
44253     26
24522     13
77466     4
36208     45
31189     26
85641     15
16055     1
55813     23
TOTAL GASTOS: 0

14956687  Luna/Waldemar                                     20230418
60685     26
54692     13
86451     29
68539     4
24522     23
48039     23
TOTAL GASTOS: 0

81647285  Vega/Henrry                                       20230315
89839     58
85641     63
54692     109
76238     74
70303     39
65667     68
14075     32
89528     64
70024     69
39172     14
75565     62
16299     30
30228     29
TOTAL GASTOS: 0

31284904  Sakaguchi/Carlos                                  20220827
65536     55
80830     107
83510     5
28409     55
27447     31
76360     25
49644     25
58252     2
85865     26
91653     35
86681     20
80839     31
TOTAL GASTOS: 0

13731806  Salamanca/Virginia                                20220808
94415     105
74924     135
16813     70
58200     16
48557     71
85325     78
34080     24
22553     48
95540     22
26484     115
96554     33
68539     46
67784     33
TOTAL GASTOS: 0

62126128  Durand/Enrique                                    20221017
94415     44
22232     47
75565     105
89528     26
57036     30
61039     56
61508     36
72969     115
57269     23
84771     32
26754     53
27016     31
37007     22
81695     64
12388     60
TOTAL GASTOS: 0

93961840  Pairazaman/Tatiana                                20220901
89839     42
63555     129
53166     20
73174     20
39088     94
60685     72
30796     107
61508     63
31189     90
86158     58
70807     18
79189     50
86451     93
68860     86
68610     87
TOTAL GASTOS: 0

35852072  Jauregui/Victor                                   20230116
90198     107
80839     27
82469     37
60888     79
79996     42
76360     72
42053     43
74924     35
70116     60
28409     46
58252     35
84771     75
31189     19
67415     70
16359     21
TOTAL GASTOS: 0

63640178  Rodriguez/Blanca                                  20220809
68346     18
34080     39
77466     7
70807     52
70225     31
55021     6
93578     51
36822     7
34070     74
47697     31
TOTAL GASTOS: 0

35606314  Mercado/Elia                                      20230403
11370     5
43222     21
81960     66
74924     14
90198     7
60685     2
41379     26
76238     25
68730     16
70303     10
TOTAL GASTOS: 2.58417e-309

54149342  Leyva/Diana                                       20230318
42861     25
40645     65
55813     48
90300     123
31189     80
88681     134
14962     17
61039     52
67784     37
48244     15
85641     112
47697     41
16055     26
TOTAL GASTOS: 0

65912822  Camacho/Ydali                                     20220806
93578     14
70225     76
34080     32
55021     10
81695     13
72939     1
16055     12
47697     27
36822     33
TOTAL GASTOS: 0

99891737  Contreras/Johana                                  20221206
28892     23
79996     71
91282     33
65536     33
67784     103
84771     20
13364     28
70116     48
53846     66
30430     57
28219     58
60509     82
75565     31
11592     6
70226     28
12388     12
TOTAL GASTOS: 0

62287143  Wong/Beatriz                                      20220916
61039     54
75565     24
37007     4
22232     79
12388     58
22842     43
61508     24
84771     122
72969     32
57036     34
34027     53
89528     77
46919     77
26754     12
94415     39
27016     7
57269     19
47734     40
TOTAL GASTOS: 0

68114999  Rios/Ines                                         20220826
76238     23
82528     108
31311     36
17804     45
68860     78
53200     9
80839     48
13364     18
62302     30
76360     43
86828     23
86158     11
27447     10
85325     14
TOTAL GASTOS: 0

12484697  Diaz/Enrique                                      20230114
16681     73
36711     26
64347     36
26920     28
58259     60
52072     52
80830     37
92560     8
85865     52
61211     28
36822     5
39172     21
89528     22
90300     17
TOTAL GASTOS: 0

51465986  Sam/Ines                                          20230330
88266     48
96031     77
68539     58
63555     74
60086     72
86158     31
30796     60
34080     102
26360     59
47697     33
50450     11
53846     86
58252     53
TOTAL GASTOS: 0

58643376  Arroyo/Natalia                                    20230303
70024     53
22842     24
61295     10
91282     2
46919     25
54692     34
76247     20
26920     33
31883     28
38648     7
55813     11
44253     19
TOTAL GASTOS: 0

17299012  Suarez/Amaru                                      20221027
25684     14
26506     15
14962     8
68610     7
65667     11
89528     17
TOTAL GASTOS: 0

71422479  Lozada/Felicita                                   20220819
91653     56
36822     30
12388     47
73972     11
30430     5
82469     89
47697     55
40645     40
84766     3
30220     39
76247     33
34070     23
86451     13
22553     28
39779     32
83801     34
37007     22
TOTAL GASTOS: 0

22679759  Bravo/Janet                                       20230307
84771     8
89325     43
67415     48
61039     15
81333     22
73972     13
36208     34
41379     19
79996     26
TOTAL GASTOS: 0

59561864  Rosemberg/Julio                                   20221217
39779     33
70024     12
91282     21
22842     24
76247     33
TOTAL GASTOS: 0

77324146  Moscoso/Janet                                     20230328
42856     65
36822     28
33276     16
76247     53
37549     152
59121     29
86158     31
30220     42
76238     44
22306     28
42053     10
41995     79
83510     31
81062     15
44215     14
49685     18
TOTAL GASTOS: 0

80694546  Ramirez/Karina                                    20220802
33390     80
51148     20
62302     56
92560     47
70303     37
53200     49
77534     23
79851     32
77466     31
83510     30
52072     23
60888     52
90300     6
22842     26
85325     1
TOTAL GASTOS: 0

72973662  Vargas/Daniel                                     20221229
59395     12
41403     89
17804     33
80830     18
22306     21
46000     66
86158     11
77466     59
88681     22
90300     32
TOTAL GASTOS: 0

27709566  Ortiz/Raul                                        20220823
30796     87
70225     65
26920     34
84766     11
48557     6
17790     21
84555     55
85325     16
91653     4
61508     9
30428     8
37007     9
TOTAL GASTOS: 0

30246960  Escalante/Ines                                    20220829
39172     92
33200     33
89325     30
90300     52
97465     8
94429     42
80830     34
37549     34
24733     29
68610     41
60086     40
88681     57
92628     30
TOTAL GASTOS: 0

85395219  Fuentes/Patricia                                  20230126
58200     120
68730     109
55813     92
82528     76
34027     33
79851     70
76360     15
16055     23
34080     15
22306     24
61211     20
44215     27
58259     24
27447     18
93578     29
36208     19
TOTAL GASTOS: 0

72330000  Vega/Carmela                                      20220809
53166     46
36622     41
77203     57
82469     30
33311     33
57505     50
16299     36
26920     49
53084     59
47697     21
36649     7
59121     34
44253     21
68539     34
28892     30
38648     11
26360     20
TOTAL GASTOS: 0

36934113  Serrano/Arturo                                    20220901
44215     128
55021     150
27016     94
59121     61
30428     79
89325     48
70226     117
46000     15
86828     47
47697     18
77203     17
89528     71
36208     26
96554     59
81960     5
TOTAL GASTOS: 0

45201670  Guevara/Milena                                    20220821
16813     137
90300     31
70225     27
65985     43
48039     29
36208     32
72061     31
30007     8
22306     11
89325     27
42856     13
70807     30
88681     62
55439     26
TOTAL GASTOS: 0

66091742  Baca/Milagros                                     20220803
47697     41
93578     13
70807     8
70225     11
42861     22
55021     2
68346     28
73174     35
72939     27
34080     14
36822     31
16055     30
34070     26
TOTAL GASTOS: 0

77440060  Escalante/Emigdio                                 20220826
42053     108
37549     47
72939     26
86158     27
49685     44
22306     49
95540     79
33276     50
41995     17
76238     40
81062     40
TOTAL GASTOS: 0

81539774  Alfaro/Erick                                      20221004
60888     20
98261     35
24522     11
22842     1
83510     17
TOTAL GASTOS: 0

94683380  Farfan/Margot                                     20220906
65536     50
47697     51
75565     7
67784     8
30430     24
70226     36
11592     36
60509     12
70116     48
84771     32
53846     55
13364     14
TOTAL GASTOS: 0

51873364  Calixto/Erick                                     20221229
34070     41
83510     76
67415     31
16359     22
70113     33
72495     38
55021     46
70225     16
70807     26
60685     29
76596     47
85865     10
54692     11
68610     17
70950     22
TOTAL GASTOS: 0

90367684  Sinche/Yvonne                                     20221026
11592     36
60086     83
79996     30
49644     58
26754     53
40862     27
36208     19
53166     51
55813     35
28219     57
81960     52
76247     17
41379     36
53846     35
65985     25
TOTAL GASTOS: 0

91187814  Narvaez/Jesus                                     20220827
49644     26
60509     41
80839     32
31311     57
81062     49
58252     20
81695     31
77358     30
94415     13
68860     34
30228     15
53846     8
TOTAL GASTOS: 0

59596317  Justino/Virginia                                  20220901
46919     29
31883     7
44253     62
76247     42
30220     43
26920     17
34066     11
54692     35
91282     29
40997     44
61295     46
57269     30
70024     27
22842     18
TOTAL GASTOS: 0

49357767  Solis/Rolando                                     20221002
83801     8
55021     31
68539     59
82528     24
49157     23
16359     42
86828     25
61211     63
27447     25
39172     10
70225     52
TOTAL GASTOS: 0

41964357  Arca/Magali                                       20230315
60509     27
36208     5
88681     33
90300     44
75565     52
48039     56
22306     56
42856     13
70225     32
47734     20
72061     24
28892     5
30007     16
55439     4
TOTAL GASTOS: 0

75100362  Arca/Lucero                                       20220830
41403     28
77466     7
43633     49
90300     6
60509     23
22306     12
TOTAL GASTOS: 0

66039166  Chavez/Johan                                      20220825
47697     31
34080     27
55021     22
42861     18
16055     8
TOTAL GASTOS: 0

92275859  Egusquiza/Doris                                   20220802
81695     5
41995     34
80839     14
98679     7
60509     9
17645     14
94415     15
TOTAL GASTOS: 0

34571095  Infantes/Luis                                     20230402
40997     62
49644     5
51148     11
76596     14
77466     18
84771     4
TOTAL GASTOS: 0

28992638  Trigueros/Luz                                     20220817
18672     57
15098     44
86158     35
82528     17
64347     26
68539     7
16359     8
TOTAL GASTOS: 0

